mse: 2.65413436024683
mse-15: 0.6251012832656254
mse-30: 1.441230496100744
mse_last: 6.77280369420772
