center-mse-15: 40.62637961073653
center-mse-30: 142.02403316586734
center_mse: 435.4424259218697
center_mse_last: 1741.317956963211
mse: 473.13567292530837
mse-15: 57.8051248097184
mse-30: 166.41236325445786
mse_last: 1836.1606642379925
