c-mse-15: 41.7982464793
c-mse-30: 156.136333712
c-mse-45: 519.991715328
c-mse-last: 2163.80464769
mse-15: 58.8629491249
mse-30: 180.53339041
mse-45: 559.057131844
mse-last: 2265.71698578
